REALSOLARSYSTEMSETTINGS
{
	powerCurve
	{
		key = 0E0 223.8 0 0//0 -0.5
		key = 5.79091E10 6.6736  0 0//-0.5 -0.5
		key = 1.08208E11 1.9113  0 0//-0.5 -0.5
		key = 1.49598261E11 1.0  0 0//-0.1 -0.1
		key = 2.279391E11 0.431  0 0//-.03 -.03
		key = 7.785472E11 0.037  0 0//-.01 -.001
		key = 5.874E12 0 0 0//-0.001 0
	}
	VABmaxHeight = 120 // was 55
	VABmaxDistance = 60 // was 28
	SPHmaxDistance = 60 // was 35
	editorExtentsMult = 10
	
	timeWarpRates
	{
		rate1 = 10
		rate2 = 100
		rate3 = 1000
		rate4 = 10000
		rate5 = 100000
		rate6 = 1000000
		rate7 = 6000000
	}
}