REALSOLARSYSTEMSETTINGS
{
	powerCurve
	{
		key = 0E0 223.8
		key = 5.79091E10 6.6736
		key = 1.08208E11 1.9113
		key = 1.49598261E11 1.0
		key = 2.279391E11 0.431
		key = 7.785472E11 0.037
		key = 5.874E12 1E-10
		key = 5.875E12 1E-11
		key = 1E13 1E-12
		key = 1E18 1E-12
	}
	VABmaxHeight = 120 // was 55
	VABmaxDistance = 60 // was 28
	SPHmaxDistance = 60 // was 35
	editorExtentsMult = 10
	
	timeWarpRates
	{
		rate1 = 10
		rate2 = 100
		rate3 = 1000
		rate4 = 10000
		rate5 = 100000
		rate6 = 1000000
		rate7 = 6000000
	}
}